FAMID      C
STUDYID    C
MOTHER     C
FATHER     C
SEX        X
MARKERNAME C
ALLELE1    N
ALLELE2    N
CONFIDENCE N
INDICATOR  C

0098 02592 00286 00285 F    MARKER_01    145  149 0.99
0098 02592 00286 00285 F    MARKER_02    279  279 0.99
0098 02592 00286 00285 F    MARKER_03    208  208 0.99
0098 02592 00286 00285 F    MARKER_04    106  122 0.99
0098 02592 00286 00285 F    MARKER_05    159  159 0.99
0098 06061 00286 00285 F    MARKER_01    157  161 0.99
0098 06061 00286 00285 F    MARKER_02      0    0 0.00
0098 06061 00286 00285 F    MARKER_03    196  200 0.99
0098 06061 00286 00285 F    MARKER_04    101  104 0.99
0098 06061 00286 00285 F    MARKER_05    155  159 0.99
0098 06088 00286 00285 F    MARKER_01    149  157 0.99
0098 06088 00286 00285 F    MARKER_02      0    0 0.00
0098 06088 00286 00285 F    MARKER_03    200  200 0.99
0098 06088 00286 00285 F    MARKER_04    116  119 0.99
0098 06088 00286 00285 F    MARKER_05    151  159 0.99
0119 02559 00387 00368 F    MARKER_01    149  149 0.99
0119 02559 00387 00368 F    MARKER_02      0    0 0.00
0119 02559 00387 00368 F    MARKER_03    180  180 0.99
0119 02559 00387 00368 F    MARKER_04    104  116 0.99
0119 02559 00387 00368 F    MARKER_05    151  159 0.99
0119 05713 00385 00384 F    MARKER_01    149  165 0.99
0119 05713 00385 00384 F    MARKER_02      0    0 0.00
0119 05713 00385 00384 F    MARKER_03    180  204 0.99
0119 05713 00385 00384 F    MARKER_04    104  106 0.99
0119 05713 00385 00384 F    MARKER_05    155  159 0.99
0119 05722 00385 00384 F    MARKER_01    149  165 0.99
0119 05722 00385 00384 F    MARKER_02    279  279 0.99
0119 05722 00385 00384 F    MARKER_03    180  204 0.99
0119 05722 00385 00384 F    MARKER_04    104  104 0.99
0119 05722 00385 00384 F    MARKER_05    155  159 0.99
0119 05832 00387 00368 F    MARKER_01    145  153 0.99
0119 05832 00387 00368 F    MARKER_02    271  271 0.99
0119 05832 00387 00368 F    MARKER_03    180  180 0.99
0119 05832 00387 00368 F    MARKER_04    104  122 0.99
0119 05832 00387 00368 F    MARKER_05    151  163 0.99
0145 02475 00175 00174 F    MARKER_01    153  153 0.99
0145 02475 00175 00174 F    MARKER_02    275  275 0.99
0145 02475 00175 00174 F    MARKER_03    204  204 0.99
0145 02475 00175 00174 F    MARKER_04    104  104 0.99
0145 02475 00175 00174 F    MARKER_05    151  159 0.99
0145 02476 00175 00174 F    MARKER_01    137  153 0.99
0145 02476 00175 00174 F    MARKER_02    271  275 0.99
0145 02476 00175 00174 F    MARKER_03    204  204 0.99
0145 02476 00175 00174 F    MARKER_04    104  104 0.99
0145 02476 00175 00174 F    MARKER_05    159  163 0.99
0145 02477 00175 00174 F    MARKER_01    153  153 0.99
0145 02477 00175 00174 F    MARKER_02    271  275 0.99
0145 02477 00175 00174 F    MARKER_03    204  204 0.99
0145 02477 00175 00174 F    MARKER_04    104  104 0.99
0145 02477 00175 00174 F    MARKER_05    159  159 0.99
0145 02478 00175 00174 F    MARKER_01    137  153 0.99
0145 02478 00175 00174 F    MARKER_02    271  275 0.99
0145 02478 00175 00174 F    MARKER_03    204  204 0.99
0145 02478 00175 00174 F    MARKER_04    104  104 0.99
0145 02478 00175 00174 F    MARKER_05    159  163 0.99
0377 02518 00251 00250 M    MARKER_01    157  157 0.99
0377 02518 00251 00250 M    MARKER_02      0    0 0.00
0377 02518 00251 00250 M    MARKER_03    200  204 0.99
0377 02518 00251 00250 M    MARKER_04    116  116 0.99
0377 02518 00251 00250 M    MARKER_05    159  159 0.99
0377 05082 00249 00248 F    MARKER_01    153  153 0.99
0377 05082 00249 00248 F    MARKER_02    271  275 0.99
0377 05082 00249 00248 F    MARKER_03    200  204 0.99
0377 05082 00249 00248 F    MARKER_04    104  119 0.99
0377 05082 00249 00248 F    MARKER_05    159  163 0.99
0377 05146 00251 00250 F    MARKER_01    153  157 0.99
0377 05146 00251 00250 F    MARKER_02    279  279 0.99
0377 05146 00251 00250 F    MARKER_03    200  204 0.99
0377 05146 00251 00250 F    MARKER_04    116  119 0.99
0377 05146 00251 00250 F    MARKER_05    159  163 0.99
0377 05388 00249 00248 F    MARKER_01    153  157 0.99
0377 05388 00249 00248 F    MARKER_02    271  279 0.99
0377 05388 00249 00248 F    MARKER_03    200  200 0.99
0377 05388 00249 00248 F    MARKER_04    104  116 0.99
0377 05388 00249 00248 F    MARKER_05    151  159 0.99
0546 02583 00196 00195 F    MARKER_01    137  145 0.99
0546 02583 00196 00195 F    MARKER_02    279  279 0.90
0546 02583 00196 00195 F    MARKER_03    196  204 0.99
0546 02583 00196 00195 F    MARKER_04    104  122 0.99
0546 02583 00196 00195 F    MARKER_05    155  159 0.99
0546 05036 02583 00201 F    MARKER_01    145  145 0.99
0546 05036 02583 00201 F    MARKER_02    275  279 0.99
0546 05036 02583 00201 F    MARKER_03      0    0 0.00
0546 05036 02583 00201 F    MARKER_04    104  122 0.99
0546 05036 02583 00201 F    MARKER_05    155  155 0.99
0546 05083 00196 00195 F    MARKER_01    137  161 0.99
0546 05083 00196 00195 F    MARKER_02      0    0 0.00
0546 05083 00196 00195 F    MARKER_03    204  204 0.99
0546 05083 00196 00195 F    MARKER_04    116  122 0.99
0546 05083 00196 00195 F    MARKER_05    159  159 0.99
0546 05097 00197 00198 F    MARKER_01    145  149 0.99
0546 05097 00197 00198 F    MARKER_02    279  279 0.99
0546 05097 00197 00198 F    MARKER_03    180  196 0.99
0546 05097 00197 00198 F    MARKER_04    104  105 0.90
0546 05097 00197 00198 F    MARKER_05    155  155 0.99
0546 05098 00197 00198 F    MARKER_01    145  145 0.99
0546 05098 00197 00198 F    MARKER_02    275  279 0.99
0546 05098 00197 00198 F    MARKER_03    196  204 0.99
0546 05098 00197 00198 F    MARKER_04    104  106 0.99
0546 05098 00197 00198 F    MARKER_05    155  155 0.99
0546 05105 00199 00200 F    MARKER_01    141  145 0.99
0546 05105 00199 00200 F    MARKER_02    279  279 0.99
0546 05105 00199 00200 F    MARKER_03    196  204 0.99
0546 05105 00199 00200 F    MARKER_04    104  119 0.99
0546 05105 00199 00200 F    MARKER_05    147  155 0.99
0546 05113 05105 00202 F    MARKER_01    145  157 0.99
0546 05113 05105 00202 F    MARKER_02    263  279 0.99
0546 05113 05105 00202 F    MARKER_03    180  196 0.99
0546 05113 05105 00202 F    MARKER_04    104  105 0.99
0546 05113 05105 00202 F    MARKER_05    155  159 0.99
0546 05117 00197 00198 F    MARKER_01    137  149 0.99
0546 05117 00197 00198 F    MARKER_02      0    0 0.00
0546 05117 00197 00198 F    MARKER_03    180  200 0.99
0546 05117 00197 00198 F    MARKER_04    105  106 0.90
0546 05117 00197 00198 F    MARKER_05    155  159 0.99
0546 05395 00199 00200 M    MARKER_01    145  157 0.99
0546 05395 00199 00200 M    MARKER_02      0    0 0.00
0546 05395 00199 00200 M    MARKER_03    196  204 0.99
0546 05395 00199 00200 M    MARKER_04    104  104 0.99
0546 05395 00199 00200 M    MARKER_05    155  159 0.99
0546 05445 00199 00200 F    MARKER_01    137  141 0.99
0546 05445 00199 00200 F    MARKER_02      0    0 0.00
0546 05445 00199 00200 F    MARKER_03    196  204 0.99
0546 05445 00199 00200 F    MARKER_04    104  119 0.99
0546 05445 00199 00200 F    MARKER_05    147  155 0.99
0546 05690 00197 00198 M    MARKER_01    137  149 0.99
0546 05690 00197 00198 M    MARKER_02    279  279 0.99
0546 05690 00197 00198 M    MARKER_03    180  196 0.99
0546 05690 00197 00198 M    MARKER_04    104  105 0.90
0546 05690 00197 00198 M    MARKER_05    155  155 0.99
0546 05976 02583 00201 F    MARKER_01    137  145 0.99
0546 05976 02583 00201 F    MARKER_02    275  279 0.99
0546 05976 02583 00201 F    MARKER_03    204  204 0.99
0546 05976 02583 00201 F    MARKER_04    101  116 0.99
0546 05976 02583 00201 F    MARKER_05    159  159 0.99
0972 02522 00403 00402 M    MARKER_01    149  161 0.99
0972 02522 00403 00402 M    MARKER_02      0    0 0.00
0972 02522 00403 00402 M    MARKER_03    200  204 0.99
0972 02522 00403 00402 M    MARKER_04    104  122 0.99
0972 02522 00403 00402 M    MARKER_05    159  159 0.99
0972 02564 00403 00402 F    MARKER_01    149  161 0.99
0972 02564 00403 00402 F    MARKER_02      0    0 0.00
0972 02564 00403 00402 F    MARKER_03    200  204 0.99
0972 02564 00403 00402 F    MARKER_04    104  122 0.99
0972 02564 00403 00402 F    MARKER_05    159  159 0.99
0972 02565 00403 00402 M    MARKER_01    145  149 0.99
0972 02565 00403 00402 M    MARKER_02    279  283 0.99
0972 02565 00403 00402 M    MARKER_03    180  204 0.99
0972 02565 00403 00402 M    MARKER_04    104  122 0.99
0972 02565 00403 00402 M    MARKER_05    155  159 0.99
0972 02566 00403 00402 F    MARKER_01    145  161 0.99
0972 02566 00403 00402 F    MARKER_02    279  283 0.99
0972 02566 00403 00402 F    MARKER_03    180  204 0.99
0972 02566 00403 00402 F    MARKER_04    104  122 0.99
0972 02566 00403 00402 F    MARKER_05    155  159 0.99
0972 02579 00403 00402 F    MARKER_01    149  149 0.99
0972 02579 00403 00402 F    MARKER_02    275  279 0.68
0972 02579 00403 00402 F    MARKER_03    204  204 0.99
0972 02579 00403 00402 F    MARKER_04    104  122 0.99
0972 02579 00403 00402 F    MARKER_05    159  159 0.99
