
                     PUT YOUR ANALYSIS TITLE HERE            

    Results of the Non-Parametric Linkage (NPL) Analysis from SimWalk2 2.83


 The results for the pedigree named: F0099        ##
 which is pedigree number:           001          ##

 This run has the integer label:     33
 The number of people is:            37   


 Please see the overall NPL analysis output file: STATS-33.ALL   
 for a brief description of the categories in the following tables.

 
 
 RUN  PED  PEDIGREE  MARKER     STAT A    STAT B    STAT C    STAT D    STAT E
 NUM  NUM    NAME     NAME       MEAN      MEAN      MEAN      MEAN      MEAN 
                               P-VALUE   P-VALUE   P-VALUE   P-VALUE   P-VALUE
                               -Log(P)   -Log(P)   -Log(P)   -Log(P)   -Log(P)
 _____________________________________________________________________________
 
 33   001   F0099   D10S249    11.0000    6.3390    2.1747    0.9412    0.0062
                               10.9167    6.7536    2.1253    1.0678    0.0475
                                0.5312    0.5743    0.6721    0.6850    0.6883
                                0.2748    0.2409    0.1726    0.1643    0.1622
 
 33   001   F0099   D10S591    12.0000    6.9860    2.2260    0.9449    0.0051
                               10.9111    6.7441    2.1249    1.0679    0.0486
                                0.8848    0.3912    0.8761    0.6716    0.6620
                                0.0531    0.4076    0.0575    0.1729    0.1792
 
 33   001   F0099   D10S189    11.9160    7.1320    2.1684    1.0650    0.0103
                               10.9139    6.7358    2.1252    1.0670    0.0478
                                0.8552    0.3638    0.6443    0.4252    0.4605
                                0.0679    0.4391    0.1909    0.3714    0.3368
 
 33   001   F0099   D10S547    11.8320    6.9150    2.1229    1.1625    0.0153
                               10.9018    6.7403    2.1243    1.0680    0.0473
                                0.8287    0.4128    0.4506    0.2912    0.3763
                                0.0816    0.3843    0.3463    0.5358    0.4245
 
 33   001   F0099   D10S191    11.0000   10.0000    1.9563    1.6135    0.2734
                               10.9074    6.7493    2.1247    1.0677    0.0427
                                0.5341    0.0245    0.0528    0.0253    0.0193
                                0.2724    1.6099    1.2774    1.5960    1.7144
 
 33   001   F0099   D10S548    10.8500    8.6270    2.0007    1.4046    0.0868
                               10.9066    6.7598    2.1240    1.0696    0.0441
                                0.4787    0.1203    0.1195    0.0981    0.1322
                                0.3199    0.9199    0.9225    1.0082    0.8788
 
 33   001   F0099   D10S197    10.9550    8.0610    1.9922    1.4171    0.0735
                               10.9078    6.7504    2.1246    1.0686    0.0496
                                0.5166    0.1839    0.1286    0.1111    0.1379
                                0.2869    0.7355    0.8908    0.9542    0.8604
 
 33   001   F0099   D10S213    10.6880    8.8370    1.9832    1.4306    0.1325
                               10.9028    6.7496    2.1242    1.0684    0.0437
                                0.4196    0.1041    0.0905    0.0840    0.0883
                                0.3771    0.9825    1.0433    1.0755    1.0542
 
 33   001   F0099   D10S208    10.7140   12.9980    1.7472    2.3854   27.3342
                               10.9022    6.7528    2.1241    1.0685    0.0458
                                0.4296    0.0002    0.0017    0.0001    0.0001
                                0.3669    3.8196    2.7581    4.0000    4.0000
 
 33   001   F0099   D10S1780   11.0030   12.9890    1.7964    2.3183   26.8112
                               10.9035    6.7466    2.1243    1.0681    0.0454
                                0.5372    0.0003    0.0040    0.0006    0.0004
                                0.2699    3.4998    2.4015    3.2333    3.4239
 
 33   001   F0099   D10S578    11.0000   12.0000    1.8778    2.0098    4.3320
                               10.9066    6.7498    2.1246    1.0676    0.0417
                                0.5347    0.0008    0.0149    0.0014    0.0011
                                0.2719    3.1249    1.8268    2.8539    2.9586
 
 33   001   F0099   D10S220    11.0000   11.9990    1.8778    2.0097    4.3669
                               10.9048    6.7491    2.1243    1.0683    0.0442
                                0.5349    0.0010    0.0162    0.0017    0.0017
                                0.2717    3.0164    1.7892    2.7636    2.7800
 
 33   001   F0099   D10S567    11.0020    9.9960    1.9795    1.5560    0.2142
                               10.9049    6.7554    2.1243    1.0685    0.0452
                                0.5362    0.0246    0.0812    0.0354    0.0322
                                0.2707    1.6095    1.0906    1.4512    1.4916
 
 33   001   F0099   D10S539    10.9980   10.0000    1.9790    1.5569    0.2146
                               10.9077    6.7578    2.1244    1.0688    0.0477
                                0.5327    0.0253    0.0810    0.0353    0.0333
                                0.2735    1.5960    1.0917    1.4524    1.4776
 
 33   001   F0099   D10S1790   11.8540    5.0000    2.2380    0.8533    0.0037
                               10.9072    6.7583    2.1244    1.0686    0.0504
                                0.8348    0.9068    0.9079    0.8749    0.7793
                                0.0784    0.0425    0.0420    0.0580    0.1083
 
 33   001   F0099   D10S561    12.0000    9.0000    2.0814    1.3587    0.0882
                               10.9000    6.7640    2.1237    1.0699    0.0536
                                0.8871    0.0745    0.2660    0.1003    0.0624
                                0.0520    1.1281    0.5751    0.9985    1.2045
 
 33   001   F0099   D10S1652   12.0000    6.0000    2.1723    1.0190    0.0112
                               10.9000    6.7640    2.1237    1.0699    0.0536
                                0.8871    0.6751    0.6781    0.5069    0.3908
                                0.0520    0.1706    0.1687    0.2951    0.4080
 
 33   001   F0099   D10S581    12.0000    6.3340    2.1650    1.0473    0.0134
                               10.8981    6.7594    2.1236    1.0698    0.0537
                                0.8875    0.5913    0.6420    0.4624    0.3611
                                0.0518    0.2282    0.1925    0.3349    0.4423
 
 33   001   F0099   D10S537    10.1290    7.9240    2.0290    1.2376    0.0271
                               10.9062    6.7596    2.1246    1.0683    0.0457
                                0.2073    0.2036    0.1459    0.1919    0.1964
                                0.6835    0.6913    0.8361    0.7169    0.7069
 
 33   001   F0099   D10S583    10.0480    7.0000    2.0366    1.1875    0.0294
                               10.9102    6.7705    2.1239    1.0708    0.0483
                                0.1749    0.3946    0.1621    0.2362    0.1797
                                0.7572    0.4038    0.7903    0.6266    0.7453
 
 33   001   F0099   D10S192    10.0450    6.9900    2.0674    1.1014    0.0128
                               10.9152    6.7801    2.1240    1.0711    0.0532
                                0.1729    0.4015    0.2281    0.3618    0.3665
                                0.7622    0.3963    0.6419    0.4415    0.4359
 
 33   001   F0099   D10S597    10.0760    7.0000    2.0791    1.0808    0.0118
                               10.9099    6.7769    2.1238    1.0708    0.0437
                                0.1889    0.3979    0.2716    0.4016    0.4112
                                0.7237    0.4002    0.5660    0.3963    0.3859
 
 33   001   F0099   D10S190    10.1000    7.0000    2.1057    1.0300    0.0077
                               10.9114    6.7673    2.1242    1.0698    0.0478
                                0.1956    0.3972    0.3649    0.4843    0.5211
                                0.7085    0.4010    0.4378    0.3149    0.2831
 
 33   001   F0099   D10S587    10.0330    7.0000    2.0993    1.0379    0.0079
                               10.8965    6.7554    2.1238    1.0695    0.0449
                                0.1926    0.3904    0.3646    0.4742    0.5170
                                0.7155    0.4084    0.4382    0.3241    0.2865
 
 33   001   F0099   D10S217     9.4820    6.6900    2.0155    1.1639    0.0123
                               10.9021    6.7691    2.1230    1.0723    0.0463
                                0.0952    0.4797    0.1829    0.3123    0.4453
                                1.0215    0.3191    0.7377    0.5055    0.3514
 
 33   001   F0099   D10S212     9.6400    6.0310    2.0684    1.0397    0.0083
                               10.9103    6.7521    2.1233    1.0717    0.0464
                                0.1081    0.6501    0.3188    0.5171    0.6121
                                0.9663    0.1870    0.4965    0.2864    0.2132
 
________________________________________________________________________________
 
 
   Marker 	   Position 	    -LOG10(p-values)
    Name  	(Haldane cM)	 STAT A	 STAT B	 STAT C	 STAT D	 STAT E	
  D10S249 	     0.0000	  0.275	  0.241	  0.173	  0.164	  0.162	       
  D10S591 	    12.6415	  0.053	  0.408	  0.057	  0.173	  0.179	       
  D10S189 	    18.4569	  0.068	  0.439	  0.191	  0.371	  0.337	       
  D10S547 	    29.6266	  0.082	  0.384	  0.346	  0.536	  0.425	       
  D10S191 	    39.1363	  0.272	  1.610	  1.277	  1.596	  1.714	       
  D10S548 	    47.5454	  0.320	  0.920	  0.923	  1.008	  0.879	       
  D10S197 	    54.3593	  0.287	  0.735	  0.891	  0.954	  0.860	       
  D10S213 	    59.9617	  0.377	  0.983	  1.043	  1.076	  1.054	       
  D10S208 	    63.2901	  0.367	  3.820	  2.758	  4.000	  4.000	     ##
  D10S1780	    66.5864	  0.270	  3.500	  2.402	  3.233	  3.424	     ##
  D10S578 	    68.7735	  0.272	  3.125	  1.827	  2.854	  2.959	     ##
  D10S220 	    73.2151	  0.272	  3.016	  1.789	  2.764	  2.780	     ##
  D10S567 	    74.8413	  0.271	  1.609	  1.091	  1.451	  1.492	       
  D10S539 	    75.9229	  0.274	  1.596	  1.092	  1.452	  1.478	       
  D10S1790	    78.6668	  0.078	  0.042	  0.042	  0.058	  0.108	       
  D10S561 	    84.1352	  0.052	  1.128	  0.575	  0.998	  1.204	       
  D10S1652	    84.1353	  0.052	  0.171	  0.169	  0.295	  0.408	       
  D10S581 	    85.8960	  0.052	  0.228	  0.192	  0.335	  0.442	       
  D10S537 	    95.2727	  0.683	  0.691	  0.836	  0.717	  0.707	       
  D10S583 	   125.0193	  0.757	  0.404	  0.790	  0.627	  0.745	       
  D10S192 	   134.8201	  0.762	  0.396	  0.642	  0.442	  0.436	       
  D10S597 	   139.4807	  0.724	  0.400	  0.566	  0.396	  0.386	       
  D10S190 	   150.1651	  0.709	  0.401	  0.438	  0.315	  0.283	       
  D10S587 	   160.0877	  0.715	  0.408	  0.438	  0.324	  0.286	       
  D10S217 	   171.4704	  1.021	  0.319	  0.738	  0.505	  0.351	       
  D10S212 	   186.2023	  0.966	  0.187	  0.496	  0.286	  0.213	       
 
________________________________________________________________________________
 
