MARKERNAME C
ALLELE     N
FREQUENCY  N
STDERR     N

 MARKER01    302           0.0445      0.0308
 MARKER01    304           0.0218      0.0216
 MARKER01    307           0.0215      0.0213
 MARKER01    308           0.1384      0.0549
 MARKER01    312           0.1225      0.0502
 MARKER01    316           0.1007      0.0466
 MARKER01    320           0.5290      0.0796
 MARKER01    324           0.0215      0.0213
 MARKER02    263           0.0221      0.0218
 MARKER02    271           0.2190      0.0689
 MARKER02    275           0.2409      0.0739
 MARKER02    279           0.4734      0.0849
 MARKER02    283           0.0446      0.0411
 MARKER03    236           0.3828      0.0825
 MARKER03    240           0.0431      0.0299
 MARKER03    244           0.0535      0.0357
 MARKER03    248           0.2400      0.0744
 MARKER03    252           0.0647      0.0362
 MARKER03    256           0.2159      0.0690
 MARKER04    137           0.0759      0.0405
 MARKER04    141           0.0618      0.0347
 MARKER04    145           0.2183      0.0639
 MARKER04    149           0.1729      0.0557
 MARKER04    153           0.1704      0.0598
 MARKER04    157           0.2388      0.0672
 MARKER04    161           0.0619      0.0347
 MARKER05    101           0.0659      0.0369
 MARKER05    104           0.2774      0.0741
 MARKER05    105           0.0766      0.0417
 MARKER05    106           0.0896      0.0428
 MARKER05    107           0.0220      0.0218
 MARKER05    110           0.0220      0.0218
 MARKER05    116           0.0985      0.0502
 MARKER05    119           0.2108      0.0624
 MARKER05    122           0.1135      0.0504
 MARKER05    125           0.0237      0.0234
