Chromosome 10



        Comprehensive genetic map (distances in Kosambi cM)

     Marker         D number        Sex-averaged         Female             Male

  1  AFM207wd12     D10S249                 2.13               4.63              0.00    
                                   11.36               5.34             17.41
  2  AFM309yd9      D10S591                13.49               9.97             17.41    
                                    5.51               1.53              9.51
  3  AFM063xf4      D10S189                19.00              11.50             26.92    
                                   10.15              12.47              7.30
  4  AFM214yc9      D10S547                29.15              23.97             34.22    
                                    8.75              11.13              6.88
  5  AFM066xa1      D10S191                37.90              35.10             41.10    
                                    7.80              14.69              1.06
  6  AFM220xd4      D10S548                45.70              49.79             42.16    
                                    6.40               8.54              4.27
  7  AFM119xh12     D10S197                52.10              58.33             46.43    
                                    5.32               8.55              2.13
  8  AFM199zb6      D10S213                57.42              66.88             48.56    
                                    3.22               4.30              2.12
  9  AFM183xg1      D10S208                60.64              71.18             50.68    
                                    3.19               5.34              1.07
 10  AFMa056wh1     D10S1780               63.83              76.52             51.75    
                                    2.14               4.28              0.00
 11  AFM282ya9      D10S578                65.97              80.80             51.75    
                                    4.26               6.41              2.13
 12  AFM240xa9      D10S220                70.23              87.21             53.88    
                                    1.60               2.14              1.06
 13  AFM263yd5      D10S567                71.83              89.35             54.94    
                                    1.07               2.15              0.00
 14  AFM205tg11     D10S539                72.90              91.50             54.94    
                                    2.67               5.34              0.00
 15  AFMa084xa5     D10S1790               75.57              96.84             54.94    
                                    5.20               5.12              5.34
 16  AFM254xd9      D10S561                80.77             101.96             60.28    
                                    0.00               0.00              0.00
 17  AFMa162zh9     D10S1652               80.77             101.96             60.28    
                                    1.73               1.28              2.13
 18  AFM287yf9      D10S581                82.50             103.24             62.41    
                                    8.63              10.87              7.40
 19  AFM203xc5      D10S537                91.13             114.11             69.81    
                                   24.14              30.01             17.36
 20  AFM289zh5      D10S583               115.27             144.12             87.17    
                                    9.00              13.70              4.31
 21  AFM094tc9      D10S192               124.27             157.82             91.48    
                                    4.46               6.74              2.16
 22  AFM331xa9      D10S597               128.73             164.56             93.64    
                                    9.74              15.07              4.32
 23  AFM065yh11     D10S190               138.47             179.63             97.96    
                                    9.10              11.88              6.13
 24  AFM296zg9      D10S587               147.57             191.51            104.09    
                                   10.32               9.69             11.25
 25  AFM212xd6      D10S217               157.89             201.20            115.34    
                                   13.05               9.72             16.30
 26  AFM198zb4      D10S212               170.94             210.92            131.64    




    Number of recombinations (lower-left)
    and informative meioses (upper-right)


                       1   2   3   4   5   6   7   8   9  10    11  12  13  14  15  16  17  18  19  20    21  22  23  24  25  26

  1  AFM207wd12      110  97  47  56  83  99  85  95 100  90    93  88  55  85  66 107  75  79  95  97    85  72  88  99 109  80    
  2  AFM309yd9        12 170 108 129 133 146 146 162 161 141   133 139  97 121 138 168 109 131 141 158   156 135 149 146 144 116    
  3  AFM063xf4         6   6 120  98  95 106  97 102 120  93    84 100  56  82  91 119  90 112  91 120   105  84  97 107  94  75    
  4  AFM214yc9        11  21  12 129 104 115 116 122 120 103    92 108  76 102 109 127  89  90 100 129   126  94 118 114 103  85    
  5  AFM066xa1        24  35  21  10 145 121 122 125 136 131   133 114  71 119 118 143  96 106 141 145   119 112 123 132 130  91    
  6  AFM220xd4        39  44  31  21  12 158 133 139 149 129   121 127  76 122 124 156  96 122 130 146   134 111 135 135 146 104    
  7  AFM119xh12       37  54  33  27  17   9 157 138 148 128   122 136  95 119 118 156  96 119 129 146   133 112 126 134 132 124    
  8  AFM199zb6        47  63  36  32  20  18   7 162 154 135   127 133  90 114 130 160 103 126 133 150   149 129 141 139 137 111    
  9  AFM183xg1        49  64  45  33  28  25  13   5 173 143   136 142  88 123 129 171 111 143 144 161   148 126 140 150 147 128    
 10  AFMa056wh1       40  53  34  29  32  23  15   9   5 153   141 122  71 107 126 150  92 116 140 141   127 122 123 130 127  99    

 11  AFM282ya9        37  50  32  29  34  26  17  12   8   4   146 115  74 107 117 143  85 109 143 133   119 113 124 133 130  92    
 12  AFM240xa9        37  53  35  36  30  31  22  17  13  10     6 151  88 111 109 150 100 124 123 139   126 114 118 127 125 117    
 13  AFM263yd5        23  38  23  30  19  23  18  14  11   6     3   2  97  72  71  97  72  69  81  85    93  63  88  93  84  79    
 14  AFM205tg11       36  48  33  39  34  33  25  20  18  12     8   5   1 132  93 130  83  96 116 132   109  87 111 120 131  89    
 15  AFMa084xa5       29  57  35  32  30  29  18  18  16  13    11   5   2   1 139 136  82 103 125 128   125 119 129 116 113  86    
 16  AFM254xd9        47  66  47  40  39  41  34  33  35  25    20  16   9  11   5 180 119 142 151 168   154 133 147 156 154 127    
 17  AFMa162zh9       32  42  35  26  27  29  24  25  27  17    14  13   8   7   3   0 120  95  93 120   105  75  88 106  95  80    
 18  AFM287yf9        39  54  44  25  27  30  24  22  29  19    16  16   7   9   4   2   2 145 115 131   118 109 112 125 120 100    
 19  AFM203xc5        43  56  42  35  49  44  41  40  43  39    37  24  14  21  19  17   8  12 154 141   127 122 132 141 139 100    
 20  AFM289zh5        43  68  58  56  64  64  59  68  71  60    55  58  40  51  48  54  40  38  31 170   144 123 137 146 144 116    

 21  AFM094tc9        39  65  48  56  54  64  61  73  68  59    55  54  48  48  53  60  45  44  39  12   156 121 136 141 131 104    
 22  AFM331xa9        34  59  38  43  50  54  54  59  54  51    48  45  30  35  48  47  28  36  35  13     4 136 115 113 109  91    
 23  AFM065yh11       42  68  43  53  59  65  63  68  60  56    56  52  48  51  60  61  37  46  45  29    19   9 151 138 134  96    
 24  AFM296zg9        53  62  48  47  60  60  58  57  57  50    52  49  43  50  49  61  42  47  44  36    29  17  13 160 144 106    
 25  AFM212xd6        52  57  40  44  64  68  60  53  55  47    49  48  36  55  48  65  41  50  47  50    42  27  27  12 156 102    
 26  AFM198zb4        40  50  34  33  41  52  53  46  51  38    38  47  33  40  40  55  31  40  40  44    43  36  34  23  13 129    



        Framework genetic map (distances in Kosambi cM)

     Marker         D number        Sex-averaged         Female             Male

  1  AFM207wd12     D10S249                 2.13               4.63              0.00
                                   11.36               5.34             17.41
  2  AFM309yd9      D10S591                13.49               9.97             17.41
                                    5.51               1.53              9.51
  3  AFM063xf4      D10S189                19.00              11.50             26.92
                                   10.15              12.47              7.30
  4  AFM214yc9      D10S547                29.15              23.97             34.22
                                    8.75              11.13              6.88
  5  AFM066xa1      D10S191                37.90              35.10             41.10
                                    7.80              14.69              1.06
  6  AFM220xd4      D10S548                45.70              49.79             42.16
                                    6.40               8.54              4.27
  7  AFM119xh12     D10S197                52.10              58.33             46.43
                                    5.32               8.55              2.13
  8  AFM199zb6      D10S213                57.42              66.88             48.56
                                    3.22               4.30              2.12
  9  AFM183xg1      D10S208                60.64              71.18             50.68
                                    3.19               5.34              1.07
 10  AFMa056wh1     D10S1780               63.83              76.52             51.75
                                    2.14               4.28              0.00
 11  AFM282ya9      D10S578                65.97              80.80             51.75
                                    4.26               6.41              2.13
 12  AFM240xa9      D10S220                70.23              87.21             53.88
                                    1.60               2.14              1.06
 13  AFM263yd5      D10S567                71.83              89.35             54.94
                                    1.07               2.15              0.00
 14  AFM205tg11     D10S539                72.90              91.50             54.94
                                    2.67               5.34              0.00
 15  AFMa084xa5     D10S1790               75.57              96.84             54.94
                                    5.20               5.12              5.34
 16  AFM254xd9      D10S561                80.77             101.96             60.28
                                    1.73               1.28              2.13
 18  AFM287yf9      D10S581                82.50             103.24             62.41
                                    8.63              10.87              7.40
 19  AFM203xc5      D10S537                91.13             114.11             69.81
                                   24.14              30.01             17.36
 20  AFM289zh5      D10S583               115.27             144.12             87.17
                                    9.00              13.70              4.31
 21  AFM094tc9      D10S192               124.27             157.82             91.48
                                    4.46               6.74              2.16
 22  AFM331xa9      D10S597               128.73             164.56             93.64
                                    9.74              15.07              4.32
 23  AFM065yh11     D10S190               138.47             179.63             97.96
                                    9.10              11.88              6.13
 24  AFM296zg9      D10S587               147.57             191.51            104.09
                                   10.32               9.69             11.25
 25  AFM212xd6      D10S217               157.89             201.20            115.34
                                   13.05               9.72             16.30
 26  AFM198zb4      D10S212               170.94             210.92            131.64
