Chromosome 20



    Some of your markers are 'cryptic' duplicates.
    Listed below: these duplicates with the marker on the map

      'cryptic' duplicate                 marker on the map

    GATA51D03      D20S482            GATA149E11     Unknown        




        Comprehensive genetic map (distances in Kosambi cM)

     Marker         D number        Sex-averaged         Female             Male

  1  AFM248yc5      D20S117                 2.83               0.00              5.48    
                                    3.42               0.51              6.00
  2  AFMa131wf1     D20S199                 6.25               0.51             11.48    
                                    2.72               1.09              4.78
  3  AFMa175vb1     D20S842                 8.97               1.60             16.26    
                                    0.56               0.00              1.08
  4  AFM308we1      D20S193                 9.53               1.60             17.34    
                                    1.67               1.61              2.14
  5  AFM234tf10     D20S889                11.20               3.21             19.48    
                                    0.92               0.00              1.78
  6  GATA149E11     Unknown                12.12               3.21             21.26    
                                    4.53               3.21              5.74
  7  AFM023ta1      D20S95                 16.65               6.42             27.00    
                                    4.50               5.36              3.63
  8  AFM218yg3      D20S115                21.15              11.78             30.63    
                                    9.41              11.66              7.13
  9  AFM292xb5      D20S189                30.56              23.44             37.76    
                                    1.74               2.40              1.06
 10  AFM120xc7      D20S186                32.30              25.84             38.82    
                                    0.64               1.07              0.00
 11  GATA81E09      D20S604                32.94              26.91             38.82    
                                    1.28               2.14              0.00
 12  Mfd136A        D20S66                 34.22              29.05             38.82    
                                    1.29               0.00              3.21
 13  AFMa055yg5     D20S910                35.51              29.05             42.03    
                                    1.07               1.07              1.07
 14  AFMa224xf1     D20S852                36.58              30.12             43.10    
                                    1.07               2.14              0.00
 15  AFM102xa7      D20S104                37.65              32.26             43.10    
                                    0.00               0.00              0.00
 16  AFM044xb4      D20S98                 37.65              32.26             43.10    
                                    1.07               2.13              0.00
 17  AFMb067xg1     D20S875                38.72              34.39             43.10    
                                    0.53               1.07              0.00
 18  AFM260xg5      D20S118                39.25              35.46             43.10    
                                    7.46              13.75              1.19
 19  AFMa070xg5     D20S912                46.71              49.21             44.29    
                                    4.10               7.07              1.18
 20  AFM321xc1      D20S195                50.81              56.28             45.47    
                                    4.93               8.69              1.19
 21  AFM142xh4      D20S107                55.74              64.97             46.66    
                                    6.03               9.78              2.36
 22  AFM273yh9      D20S119                61.77              74.75             49.02    
                                    4.39               6.52              2.39
 23  AFM240vd6      D20S178                66.16              81.27             51.41    
                                    8.85              15.55              2.36
 24  AFM321xd1      D20S196                75.01              96.82             53.77    
                                    9.77              15.21              4.27
 25  AFM057xa3      D20S100                84.78             112.03             58.04    
                                   10.92               8.88             13.52
 26  AFM046xf6      D20S171                95.70             120.91             71.56    
                                    2.39               0.00              4.45
 27  AFM218xe7      D20S173                98.09             120.91             76.01    




    Number of recombinations (lower-left)
    and informative meioses (upper-right)


                       1   2   3   4   5   6   7   8   9  10    11  12  13  14  15  16  17  18  19  20    21  22  23  24  25  26  27

  1  AFM248yc5       180 162 166 124 156 136 168 137 131 176   147  67 164 172 129 146 168 156 129 157   159 168 136 158 137 109 127    
  2  AFMa131wf1        5 164 160 106 138 129 150 128 113 158   140  51 150 158 121 128 154 138 112 141   141 150 129 142 121  93 118    
  3  AFMa175vb1        9   4 169 113 145 135 156 133 118 163   145  57 154 162 125 133 158 143 119 146   147 156 135 147 126 101 124    
  4  AFM308we1         9   4   1 126 114  83 114  98 107 124    93  60 115 118  75 107 115 102 104 104   117 114  88 104  86  67  73    
  5  AFM234tf10       12   7   4   1 158 125 158 114 111 158   124  51 142 150 106 124 146 134 120 135   149 158 117 136 115 111 104    
  6  GATA149E11        9   6   4   2   1 139 137 112  89 135   127  49 134 132 106 113 128 114  97 118   125 137 109 118  99  83  94    
  7  AFM023ta1        21  16  13  10   9   4 170 126 122 168   136  60 154 162 118 136 158 146 120 147   149 170 127 148 127 111 116    
  8  AFM218yg3        21  17  14  12  13   9   6 138 114 134   124  60 125 131  96 137 137 115  99 126   126 126 116 116  98  67 104    
  9  AFM292xb5        35  28  25  22  25  15  17   9 133 129   100  67 121 125  90 123 131 110  99 121   113 122 103 111  93  64  98    
 10  AFM120xc7        52  43  40  30  37  27  29  15   1 178   144  65 162 170 126 144 166 154 129 155   159 168 133 156 135 111 124    

 11  GATA81E09        41  36  33  21  28  24  23  13   1   1   150  49 136 143 107 124 140 136 107 129   136 136 118 139 119  91 117    
 12  Mfd136A          21  13  13  16  15  11  13   7   3   2     1  69  67  63  48  69  67  58  59  58    60  60  60  47  45  18  49    
 13  AFMa055yg5       51  42  41  31  38  32  32  19   4   5     4   1 168 160 125 135 156 142 118 145   145 154 127 146 126  97 113    
 14  AFMa224xf1       56  47  44  34  42  31  34  20   6   6     4   1   1 176 126 140 164 150 124 156   153 162 132 157 134 111 121    
 15  AFM102xa7        41  35  36  23  31  28  27  18   5   7     5   1   3   2 130  97 119 118  90 119   109 118  97 119 100  70  95    
 16  AFM044xb4        47  38  36  29  38  30  32  23   8   8     6   2   2   1   0 148 146 125 108 136   136 136 116 126 107  77 104    
 17  AFMb067xg1       57  47  44  32  43  31  35  24   9   9     6   2   3   2   1   1 172 146 120 159   149 158 138 150 128 101 127    
 18  AFM260xg5        57  46  44  31  41  31  36  20   9  11     8   1   5   5   3   2   1 158 119 135   138 146 113 147 126  98 116    
 19  AFMa070xg5       55  44  42  38  43  33  36  22  14  17    13   3  12  10   9   8   6   8 132 110   131 120  93 110  90  75  78    
 20  AFM321xc1        63  53  51  34  48  42  46  38  21  25    22   6  21  19  17  18  17  16   5 161   139 147 126 150 128 101 116    

 21  AFM142xh4        66  56  55  41  57  48  52  38  20  35    31   8  30  29  23  22  21  25  14   7   161 149 119 139 118 102 107    
 22  AFM273yh9        71  63  61  43  59  52  59  42  29  45    40  16  41  39  34  33  32  33  19  16     9 170 127 148 127 111 116    
 23  AFM240vd6        61  56  54  33  50  44  49  42  27  38    34  18  36  34  32  33  33  30  16  20    13   7 139 117 112  86 118    
 24  AFM321xd1        68  62  59  33  52  49  54  43  29  47    45  14  43  44  39  38  39  41  21  30    22  18   8 162 139 113 117    
 25  AFM057xa3        59  57  56  31  47  44  50  38  25  43    42  17  44  45  40  39  43  44  26  35    28  25  20  12 139 104 112    
 26  AFM046xf6        48  45  46  25  48  35  45  28  17  40    35   7  38  42  31  29  38  38  29  32    29  31  21  23  11 113  82    
 27  AFM218xe7        58  58  57  30  47  40  49  43  34  46    46  19  44  46  43  41  49  46  29  41    33  32  30  26  13   2 128    



        Framework genetic map (distances in Kosambi cM)

     Marker         D number        Sex-averaged         Female             Male

  1  AFM248yc5      D20S117                 2.83               0.00              5.48
                                    3.42               0.51              6.00
  2  AFMa131wf1     D20S199                 6.25               0.51             11.48
                                    2.72               1.09              4.78
  3  AFMa175vb1     D20S842                 8.97               1.60             16.26
                                    0.56               0.00              1.08
  4  AFM308we1      D20S193                 9.53               1.60             17.34
                                    1.67               1.61              2.14
  5  AFM234tf10     D20S889                11.20               3.21             19.48
                                    0.92               0.00              1.78
  6  GATA149E11     Unknown                12.12               3.21             21.26
                                    4.53               3.21              5.74
  7  AFM023ta1      D20S95                 16.65               6.42             27.00
                                    4.50               5.36              3.63
  8  AFM218yg3      D20S115                21.15              11.78             30.63
                                    9.41              11.66              7.13
  9  AFM292xb5      D20S189                30.56              23.44             37.76
                                    1.74               2.40              1.06
 10  AFM120xc7      D20S186                32.30              25.84             38.82
                                    0.64               1.07              0.00
 11  GATA81E09      D20S604                32.94              26.91             38.82
                                    1.28               2.14              0.00
 12  Mfd136A        D20S66                 34.22              29.05             38.82
                                    1.29               0.00              3.21
 13  AFMa055yg5     D20S910                35.51              29.05             42.03
                                    1.07               1.07              1.07
 14  AFMa224xf1     D20S852                36.58              30.12             43.10
                                    1.07               2.14              0.00
 15  AFM102xa7      D20S104                37.65              32.26             43.10
                                    1.07               2.13              0.00
 17  AFMb067xg1     D20S875                38.72              34.39             43.10
                                    0.53               1.07              0.00
 18  AFM260xg5      D20S118                39.25              35.46             43.10
                                    7.46              13.75              1.19
 19  AFMa070xg5     D20S912                46.71              49.21             44.29
                                    4.10               7.07              1.18
 20  AFM321xc1      D20S195                50.81              56.28             45.47
                                    4.93               8.69              1.19
 21  AFM142xh4      D20S107                55.74              64.97             46.66
                                    6.03               9.78              2.36
 22  AFM273yh9      D20S119                61.77              74.75             49.02
                                    4.39               6.52              2.39
 23  AFM240vd6      D20S178                66.16              81.27             51.41
                                    8.85              15.55              2.36
 24  AFM321xd1      D20S196                75.01              96.82             53.77
                                    9.77              15.21              4.27
 25  AFM057xa3      D20S100                84.78             112.03             58.04
                                   10.92               8.88             13.52
 26  AFM046xf6      D20S171                95.70             120.91             71.56
                                    2.39               0.00              4.45
 27  AFM218xe7      D20S173                98.09             120.91             76.01
